	Fuel Map

680	720	760	790	820	820	870	930	930	940	920	900	880	860	500	500	500	500	500	500	500	
660	700	750	770	800	860	900	910	910	930	940	960	950	920	880	810	820	830	840	850	880	
660	680	730	750	780	820	860	890	910	920	930	950	930	920	860	800	830	840	850	860	880	
620	660	700	730	740	760	810	860	870	880	870	840	840	840	830	840	850	860	880	880	880	
590	630	670	700	720	720	770	840	830	850	840	840	840	840	830	830	830	840	860	860	870	
570	600	630	660	690	700	750	820	820	830	830	830	830	830	830	830	840	840	840	850	850	
490	560	560	630	650	670	730	800	810	820	820	810	800	800	800	800	810	810	820	820	820	
460	500	450	600	620	650	710	790	800	810	800	780	780	780	780	780	780	780	780	780	790	
450	400	420	480	510	530	560	600	600	600	620	620	640	650	660	670	750	750	750	750	750	
400	370	440	370	370	400	400	370	370	370	370	370	370	370	370	370	720	720	720	720	720	
300	300	350	350	360	360	370	350	350	350	350	350	350	350	350	350	680	680	680	680	680	
300	330	340	340	340	340	340	340	340	340	340	340	340	340	340	340	340	340	340	340	340	

	Ign Map (°BTDC)

45.20	45.20	45.20	45.20	45.20	45.20	45.20	45.20	45.20	45.20	45.20	45.20	45.20	45.20	45.20	45.20	45.20	45.20	45.20	45.20	45.20	
40.40	40.40	40.40	40.40	40.40	40.40	40.40	40.40	40.40	40.40	40.40	40.40	40.40	40.40	40.40	40.40	40.40	40.40	40.40	40.40	40.40	
35.60	35.60	35.60	35.60	35.60	35.60	35.60	35.60	35.60	35.60	35.60	35.60	35.60	35.60	35.60	35.60	35.60	35.60	35.60	35.60	35.60	
30.80	30.80	30.80	30.80	30.80	30.80	30.80	30.80	30.80	30.80	30.80	30.80	30.80	30.80	30.80	30.80	30.80	30.80	30.80	30.80	30.80	
26.00	26.00	26.00	26.00	26.00	26.00	26.00	26.00	26.00	26.00	26.00	26.00	26.00	26.00	26.00	26.00	26.00	26.00	26.00	26.00	26.00	
21.20	21.20	21.20	21.20	21.20	21.20	21.20	21.20	21.20	21.20	21.20	21.20	21.20	21.20	21.20	21.20	21.20	21.20	21.20	21.20	21.20	
16.40	16.40	16.40	16.40	16.40	16.40	16.40	16.40	16.40	16.40	16.40	16.40	16.40	16.40	16.40	16.40	16.40	16.40	16.40	16.40	16.40	
11.60	11.60	11.60	11.60	11.60	11.60	11.60	11.60	11.60	11.60	11.60	11.60	11.60	11.60	11.60	11.60	11.60	11.60	11.60	11.60	11.60	
6.80	6.80	6.80	6.80	6.80	6.80	6.80	6.80	6.80	6.80	6.80	6.80	6.80	6.80	6.80	6.80	6.80	6.80	6.80	6.80	6.80	
2.00	2.00	2.00	2.00	2.00	2.00	2.00	2.00	2.00	2.00	2.00	2.00	2.00	2.00	2.00	2.00	2.00	2.00	2.00	2.00	2.00	
5.00	4.87	5.00	5.00	5.00	5.00	5.00	5.00	5.00	5.00	5.00	5.00	5.00	5.00	5.00	5.00	5.00	5.00	5.00	5.00	5.00	
5.00	4.87	5.00	5.00	5.00	5.00	5.00	5.00	5.00	5.00	5.00	5.00	5.00	5.00	5.00	5.00	5.00	5.00	5.00	5.00	5.00	

	Fuel Advance (°BTDC)

5.00	4.87	5.00	5.00	5.00	5.00	5.00	5.00	5.00	5.00	5.00	5.00	

	Engine Parameters

Cylinders:
4
Displacement (cm³):
1242
FuelCut (RPM):
7000
Idle (RPM):
800
Launch ctrl (RPM):
3500
Injector Flow (cm³/min):
150
Injector DeadTime (microSec):
900
Oxygen sensor type:
Narrowband

Temperature correction table (°C vs enrich %)
-10	0.125
0	0.3
10	0.258333
20	0.2
30	0.138889
40	0.0972222
50	0.0583333
60	0.0305556
70	0.0111111
80	0.00277778
90	0
100	0
110	0

Nitrous Control
minimum RPM:	4500
minimum MAP:	85
minimum TP:	95

Stage 1:
Extra Fuel (ms)	1.8
Ign Retard:	2.3

Stage 2:
Extra Fuel (ms)	2.6
Ign Retard:	4

Stage 3:
Extra Fuel (ms)	3.5
Ign Retard:	6.2

Accel enrichment
Source:		TPS
Treshold:	20
Decay:		80
Amplifier:	150
